{
  "accessors": [
    {
      "bufferView": 2,
      "componentType": 5126,
      "count": 7490,
      "max": [
        5.679041862487793,
        8.1497364044189453,
        19.640237808227539
      ],
      "min": [
        -5.638941764831543,
        -5.4114184379577637,
        -0.36685943603515625
      ],
      "type": "VEC3"
    },
    {
      "bufferView": 2,
      "byteOffset": 89880,
      "componentType": 5126,
      "count": 7490,
      "max": [
        0.99969398975372314,
        0.99945241212844849,
        0.99971753358840942
      ],
      "min": [
        -0.99968022108078003,
        -0.99930739402770996,
        -1
      ],
      "type": "VEC3"
    },
    {
      "bufferView": 3,
      "componentType": 5126,
      "count": 7490,
      "max": [
        1,
        0.99613946676254272,
        1,
        1
      ],
      "min": [
        -0.9999997615814209,
        -0.99934172630310059,
        -1,
        -1
      ],
      "type": "VEC4"
    },
    {
      "bufferView": 1,
      "componentType": 5126,
      "count": 7490,
      "max": [
        0.998046875,
        0.99798387289047241
      ],
      "min": [
        0.001953125,
        0.0020161271095275879
      ],
      "type": "VEC2"
    },
    {
      "bufferView": 0,
      "componentType": 5125,
      "count": 32886,
      "max": [
        7489
      ],
      "min": [
        0
      ],
      "type": "SCALAR"
    }
  ],
  "asset": {
    "extras": {
      "author": "Teruaki Tsubokura (https://sketchfab.com/spinning.spirit)",
      "license": "CC-BY-4.0 (http://creativecommons.org/licenses/by/4.0/)",
      "source": "https://sketchfab.com/models/39802076a2154b4f8ede1f99af3c3e77",
      "title": "Sculpture01-11K"
    },
    "generator": "Sketchfab-3.19.2",
    "version": "2.0"
  },
  "bufferViews": [
    {
      "buffer": 0,
      "byteLength": 131544,
      "byteOffset": 0,
      "name": "floatBufferViews",
      "target": 34963
    },
    {
      "buffer": 0,
      "byteLength": 59920,
      "byteOffset": 131544,
      "byteStride": 8,
      "name": "floatBufferViews",
      "target": 34962
    },
    {
      "buffer": 0,
      "byteLength": 179760,
      "byteOffset": 191464,
      "byteStride": 12,
      "name": "floatBufferViews",
      "target": 34962
    },
    {
      "buffer": 0,
      "byteLength": 119840,
      "byteOffset": 371224,
      "byteStride": 16,
      "name": "floatBufferViews",
      "target": 34962
    }
  ],
  "buffers": [
    {
      "byteLength": 491064,
      "uri": "scene.bin"
    }
  ],
  "images": [
    {
      "uri": "textures/Material_0_normal.png"
    },
    {
      "uri": "textures/Material_0_baseColor.jpeg"
    }
  ],
  "materials": [
    {
      "doubleSided": true,
      "emissiveFactor": [
        0,
        0,
        0
      ],
      "name": "Material_0",
      "normalTexture": {
        "index": 0,
        "scale": 1,
        "texCoord": 0
      },
      "pbrMetallicRoughness": {
        "baseColorFactor": [
          1,
          1,
          1,
          1
        ],
        "baseColorTexture": {
          "index": 1,
          "texCoord": 0
        },
        "metallicFactor": 0,
        "roughnessFactor": 0.59999999999999998
      }
    }
  ],
  "meshes": [
    {
      "name": "mainMeshNode_Material_0_0",
      "primitives": [
        {
          "attributes": {
            "NORMAL": 1,
            "POSITION": 0,
            "TANGENT": 2,
            "TEXCOORD_0": 3
          },
          "indices": 4,
          "material": 0,
          "mode": 4
        }
      ]
    }
  ],
  "nodes": [
    {
      "children": [
        1
      ],
      "name": "RootNode (gltf orientation matrix)",
      "rotation": [
        -0.70710678118654746,
        -0,
        -0,
        0.70710678118654757
      ]
    },
    {
      "children": [
        2
      ],
      "matrix": [
        0.84810668230056763,
        -0.52982544898986816,
        0,
        0,
        0,
        0,
        -1,
        0,
        0.52982544898986816,
        0.84810668230056763,
        0,
        0,
        -0.72236728668212891,
        -10.787251472473145,
        -8.2675313949584961,
        1
      ],
      "name": "RootNode (model correction matrix)"
    },
    {
      "children": [
        3
      ],
      "matrix": [
        1,
        0,
        0,
        0,
        0,
        0,
        1,
        0,
        0,
        -1,
        0,
        0,
        0,
        0,
        0,
        1
      ],
      "name": "c23edb2f13bd46b2ab60a18dff4e9c96.fbx"
    },
    {
      "children": [
        4,
        6,
        8,
        10,
        12,
        14,
        16,
        18,
        20,
        22,
        24,
        26,
        28,
        30,
        32,
        34,
        36,
        38,
        40,
        42,
        44,
        46,
        48,
        50,
        52,
        54,
        56,
        58,
        60,
        62,
        64,
        66,
        68,
        70,
        72,
        74,
        76,
        78,
        80,
        82,
        84,
        86,
        88,
        90,
        92,
        94,
        96,
        98,
        100,
        102,
        104,
        106,
        108,
        110,
        112,
        114,
        116,
        118,
        120,
        122,
        124,
        126,
        128,
        130,
        132,
        134,
        136,
        138,
        140,
        142,
        144,
        146,
        148,
        150,
        152,
        154,
        156,
        158,
        160,
        162,
        164,
        166,
        168,
        170,
        172,
        174
      ],
      "name": "RootNode"
    },
    {
      "children": [
        5
      ],
      "matrix": [
        -0.48012728989060616,
        0.46736440304057819,
        -0.74232627615680236,
        0,
        0.68926170030221334,
        0.7244392858901938,
        0.010297065378439357,
        0,
        0.54258279921022479,
        -0.50671316918887166,
        -0.66995945412522251,
        0,
        9.8016395568847656,
        -10.000800132751465,
        26.902700424194336,
        1
      ],
      "name": "IMG_0330"
    },
    {
      "name": ""
    },
    {
      "children": [
        7
      ],
      "matrix": [
        -0.28252946741891649,
        0.59352219677664431,
        -0.75359704217400503,
        0,
        0.90255063487603138,
        0.43058308422758629,
        0.00074770444143984482,
        0,
        0.32492991786669245,
        -0.67994824031722101,
        -0.65733624498019161,
        0,
        5.2224597930908203,
        -12.157699584960938,
        26.659400939941406,
        1
      ],
      "name": "IMG_0331"
    },
    {
      "name": ""
    },
    {
      "children": [
        9
      ],
      "matrix": [
        0.011804875255096992,
        0.64960288535106459,
        -0.76018204152938496,
        0,
        0.99956248783683599,
        0.012952583764037628,
        0.026590665340885056,
        0,
        0.027119694497670099,
        -0.76016335212729602,
        -0.64916577255193131,
        0,
        -0.9401400089263916,
        -12.946800231933594,
        26.625400543212891,
        1
      ],
      "name": "IMG_0332"
    },
    {
      "name": ""
    },
    {
      "children": [
        11
      ],
      "matrix": [
        0.27900767922269321,
        0.55998575613246704,
        -0.78010939480531594,
        0,
        0.86511037986096362,
        -0.4991897372023093,
        -0.048924808928697883,
        0,
        -0.41681979990349122,
        -0.66123033747752347,
        -0.62372726027308989,
        0,
        -5.8679399490356445,
        -11.376399993896484,
        26.121799468994141,
        1
      ],
      "name": "IMG_0333"
    },
    {
      "name": ""
    },
    {
      "children": [
        13
      ],
      "matrix": [
        0.44177196304819843,
        0.42949130332432917,
        -0.78763871986673561,
        0,
        0.56155083675245043,
        -0.81707398051373037,
        -0.13057858978435286,
        0,
        -0.69964147276098765,
        -0.38461322225869532,
        -0.60214157708683347,
        0,
        -9.4321804046630859,
        -7.9115099906921387,
        25.480400085449219,
        1
      ],
      "name": "IMG_0334"
    },
    {
      "name": ""
    },
    {
      "children": [
        15
      ],
      "matrix": [
        0.65156211608056636,
        0.12089980574322788,
        -0.74889922276623067,
        0,
        0.13634478132690867,
        -0.98980571167454978,
        -0.041167386865764544,
        0,
        -0.74624185723767333,
        -0.075285391064188703,
        -0.66140396158382675,
        0,
        -13.485199928283691,
        -1.7885600328445435,
        25.928600311279297,
        1
      ],
      "name": "IMG_0335"
    },
    {
      "name": ""
    },
    {
      "children": [
        17
      ],
      "matrix": [
        0.66853414339550876,
        0.035721041212144873,
        -0.74282306529156306,
        0,
        -0.010478832072460554,
        -0.99829413489481245,
        -0.057437046520656149,
        0,
        -0.74360762045102158,
        0.046182544855595545,
        -0.6670193995363487,
        0,
        -13.717499732971191,
        -0.11022800207138062,
        26.282100677490234,
        1
      ],
      "name": "IMG_0336"
    },
    {
      "name": ""
    },
    {
      "children": [
        19
      ],
      "matrix": [
        0.64895265098442834,
        -0.25019257292461972,
        -0.71851522825451763,
        0,
        -0.40971894496402683,
        -0.91067383476783315,
        -0.052948586447743112,
        0,
        -0.64108567517754389,
        0.32875042680216893,
        -0.69349283627125113,
        0,
        -12.549900054931641,
        5.8403501510620117,
        26.022199630737305,
        1
      ],
      "name": "IMG_0337"
    },
    {
      "name": ""
    },
    {
      "children": [
        21
      ],
      "matrix": [
        0.45466052499749809,
        -0.50390747600002506,
        -0.73441205235227691,
        0,
        -0.79889119728170188,
        -0.59527572571480158,
        -0.086137478953851931,
        0,
        -0.39377234782905768,
        0.62587863520494169,
        -0.67321562079261899,
        0,
        -8.7747201919555664,
        10.590999603271484,
        26.024700164794922,
        1
      ],
      "name": "IMG_0338"
    },
    {
      "name": ""
    },
    {
      "children": [
        23
      ],
      "matrix": [
        0.23105872107222003,
        -0.64203530101388773,
        -0.73102841235377214,
        0,
        -0.95924066302622535,
        -0.27596840016059865,
        -0.060817698984812374,
        0,
        -0.162693631754527,
        0.71528463870322723,
        -0.67963127342825835,
        0,
        -4.1895699501037598,
        12.690699577331543,
        25.934099197387695,
        1
      ],
      "name": "IMG_0339"
    },
    {
      "name": ""
    },
    {
      "children": [
        25
      ],
      "matrix": [
        -0.0013349462686809144,
        -0.66272164025813929,
        -0.74886463760283251,
        0,
        -0.99406558855036087,
        0.082336735863010713,
        -0.071093372317324544,
        0,
        0.10877418617707363,
        0.7443256608911093,
        -0.65889869248658339,
        0,
        0.88128602504730225,
        12.610199928283691,
        25.608200073242188,
        1
      ],
      "name": "IMG_0340"
    },
    {
      "name": ""
    },
    {
      "children": [
        27
      ],
      "matrix": [
        -0.3169617599095147,
        -0.55410401155527322,
        -0.76974280583414179,
        0,
        -0.82751818946671529,
        0.55811421279032014,
        -0.061009602384960449,
        0,
        0.46341006555403319,
        0.61763846209558149,
        -0.63543201153499695,
        0,
        5.5856599807739258,
        10.245699882507324,
        25.385700225830078,
        1
      ],
      "name": "IMG_0341"
    },
    {
      "name": ""
    },
    {
      "children": [
        29
      ],
      "matrix": [
        -0.5004021863080963,
        -0.41632988897241907,
        -0.75912256947497647,
        0,
        -0.57790291617596823,
        0.81349643921339254,
        -0.065205543188006421,
        0,
        0.64469052375026348,
        0.40607015026389748,
        -0.64767365366461105,
        0,
        8.6723003387451172,
        7.3248200416564941,
        25.341999053955078,
        1
      ],
      "name": "IMG_0342"
    },
    {
      "name": ""
    },
    {
      "children": [
        31
      ],
      "matrix": [
        -0.62083728330085353,
        -0.21874394316633788,
        -0.75280286595606005,
        0,
        -0.2871394194887667,
        0.95699918495727243,
        -0.041273644941660942,
        0,
        0.72946008899683468,
        0.19053516032259815,
        -0.65695078296747011,
        0,
        11.631899833679199,
        3.9122600555419922,
        25.942399978637695,
        1
      ],
      "name": "IMG_0343"
    },
    {
      "name": ""
    },
    {
      "children": [
        33
      ],
      "matrix": [
        -0.61438638454919348,
        0.05595153841627229,
        -0.78701892977832699,
        0,
        0.14375256881228438,
        0.98872501532682466,
        -0.041929023680974002,
        0,
        0.77579931002833469,
        -0.13889661412656046,
        -0.61550236485633203,
        0,
        11.528900146484375,
        -1.5401999950408936,
        28.005599975585938,
        1
      ],
      "name": "IMG_0344"
    },
    {
      "name": ""
    },
    {
      "children": [
        35
      ],
      "matrix": [
        -0.54394843067871346,
        0.33407741272789304,
        -0.76974826213977432,
        0,
        0.56309737772087487,
        0.82543785151699445,
        -0.039669843544973576,
        0,
        0.62212655301477049,
        -0.45502157705766588,
        -0.63711373901832902,
        0,
        10.844300270080566,
        -6.76885986328125,
        27.438800811767578,
        1
      ],
      "name": "IMG_0345"
    },
    {
      "name": ""
    },
    {
      "children": [
        37
      ],
      "matrix": [
        -0.45604957033784155,
        0.64291445205320841,
        -0.61536964235798386,
        0,
        0.82200891112524155,
        0.56929215068285088,
        -0.014415172617380179,
        0,
        0.34105738435835808,
        -0.51241336293271766,
        -0.78810684939455911,
        0,
        9.4178104400634766,
        -11.721599578857422,
        24.67609977722168,
        1
      ],
      "name": "IMG_0346"
    },
    {
      "name": ""
    },
    {
      "children": [
        39
      ],
      "matrix": [
        -0.22519103388872885,
        0.75096270873884174,
        -0.62076083022348238,
        0,
        0.96208049396164608,
        0.2720378044917896,
        -0.019913715519759678,
        0,
        0.15391595562072324,
        -0.60170627635991014,
        -0.78374704822056662,
        0,
        4.6549201011657715,
        -16.246700286865234,
        24.800600051879883,
        1
      ],
      "name": "IMG_0347"
    },
    {
      "name": ""
    },
    {
      "children": [
        41
      ],
      "matrix": [
        -0.047326503746539794,
        0.77317400850453522,
        -0.63242561192298141,
        0,
        0.99856920934477078,
        0.052400554489822393,
        -0.010663772208674427,
        0,
        0.024894501233969357,
        -0.63202542232270054,
        -0.77454769339668417,
        0,
        0.63862502574920654,
        -15.806699752807617,
        24.086700439453125,
        1
      ],
      "name": "IMG_0348"
    },
    {
      "name": ""
    },
    {
      "children": [
        43
      ],
      "matrix": [
        0.29977947711432973,
        0.75011087951668876,
        -0.58946241061814841,
        0,
        0.93216534524341654,
        -0.3617736438135386,
        0.013696706505462508,
        0,
        -0.20297791561714548,
        -0.55358242301627891,
        -0.8076796807516855,
        0,
        -6.1694998741149902,
        -14.68910026550293,
        22.233800888061523,
        1
      ],
      "name": "IMG_0349"
    },
    {
      "name": ""
    },
    {
      "children": [
        45
      ],
      "matrix": [
        0.50635436704344006,
        0.64918749852760316,
        -0.56759214822926374,
        0,
        0.79100799064988658,
        -0.6117769662211261,
        0.0059415763316122139,
        0,
        -0.34338260541860044,
        -0.45197846780211626,
        -0.82328843726799983,
        0,
        -9.3057403564453125,
        -12.508099555969238,
        22.006399154663086,
        1
      ],
      "name": "IMG_0350"
    },
    {
      "name": ""
    },
    {
      "children": [
        47
      ],
      "matrix": [
        0.74505547134223815,
        0.31800166419635428,
        -0.58631671150611464,
        0,
        0.38039820995696677,
        -0.9246453680244886,
        -0.018114779943289153,
        0,
        -0.5478955616579958,
        -0.20953731161587308,
        -0.80987935432153235,
        0,
        -14.390000343322754,
        -5.7174201011657715,
        21.944000244140625,
        1
      ],
      "name": "IMG_0351"
    },
    {
      "name": ""
    },
    {
      "children": [
        49
      ],
      "matrix": [
        0.79447950462117822,
        -0.11422928125505384,
        -0.59645116148838295,
        0,
        -0.14249358160025966,
        -0.98979569631589825,
        -0.00024239896121645149,
        0,
        -0.5903371036447036,
        0.085183043256742474,
        -0.80264933389488502,
        0,
        -13.909799575805664,
        1.6132099628448486,
        21.563199996948242,
        1
      ],
      "name": "IMG_0352"
    },
    {
      "name": ""
    },
    {
      "children": [
        51
      ],
      "matrix": [
        0.65181911872766274,
        -0.48368771801705396,
        -0.58410446659869675,
        0,
        -0.59606496711039436,
        -0.80293616401868007,
        -0.00026738483901320165,
        0,
        -0.46886926903432008,
        0.34833849622231339,
        -0.81167844655676324,
        0,
        -13.354900360107422,
        9.7772102355957031,
        21.657100677490234,
        1
      ],
      "name": "IMG_0353"
    },
    {
      "name": ""
    },
    {
      "children": [
        53
      ],
      "matrix": [
        0.25796703517290087,
        -0.7591571195630854,
        -0.59760645627434661,
        0,
        -0.94542013703201244,
        -0.32580280787806881,
        0.0057701709798651524,
        0,
        -0.19908232784070551,
        0.56350066388199149,
        -0.80176881240547138,
        0,
        -6.1465902328491211,
        16.04319953918457,
        21.783899307250977,
        1
      ],
      "name": "IMG_0354"
    },
    {
      "name": ""
    },
    {
      "children": [
        55
      ],
      "matrix": [
        -0.047694188430509987,
        -0.79864058109832137,
        -0.59991539954637818,
        0,
        -0.99815764976516352,
        0.060657710365982109,
        -0.001395846854673588,
        0,
        0.037504274492917433,
        0.59874357148623503,
        -0.80006222570414343,
        0,
        -0.084219202399253845,
        16.833599090576172,
        21.448999404907227,
        1
      ],
      "name": "IMG_0355"
    },
    {
      "name": ""
    },
    {
      "children": [
        57
      ],
      "matrix": [
        -0.43590925970788419,
        -0.66622316681989591,
        -0.60508661305088685,
        0,
        -0.83234546937914455,
        0.55415733731669536,
        -0.010519748194793649,
        0,
        0.34232168629074033,
        0.49905544530697132,
        -0.79609014916937948,
        0,
        8.3875398635864258,
        13.689999580383301,
        22.097099304199219,
        1
      ],
      "name": "IMG_0356"
    },
    {
      "name": ""
    },
    {
      "children": [
        59
      ],
      "matrix": [
        -0.67785626861629233,
        -0.45814012757916356,
        -0.57499435005862853,
        0,
        -0.55198580242986817,
        0.83374304273636146,
        -0.013572494412163433,
        0,
        0.48561564329565354,
        0.30818851729170804,
        -0.81804479388117057,
        0,
        12.928299903869629,
        10.186699867248535,
        22.186199188232422,
        1
      ],
      "name": "IMG_0357"
    },
    {
      "name": ""
    },
    {
      "children": [
        61
      ],
      "matrix": [
        -0.78272403259960144,
        -0.17023672663346529,
        -0.59863389955476198,
        0,
        -0.21525136927127414,
        0.97655152346731466,
        0.003737651737167752,
        0,
        0.58396056101235083,
        0.13178231641153373,
        -0.80101403499773394,
        0,
        16.096200942993164,
        4.151710033416748,
        22.8125,
        1
      ],
      "name": "IMG_0358"
    },
    {
      "name": ""
    },
    {
      "children": [
        63
      ],
      "matrix": [
        -0.75830301359668639,
        0.17005435303044511,
        -0.6293314361968424,
        0,
        0.20750154072139412,
        0.97813047046825796,
        0.014279122514777851,
        0,
        0.61799648070877489,
        -0.11975934100078021,
        -0.77700582370702187,
        0,
        18.322000503540039,
        -3.0204999446868896,
        25.187299728393555,
        1
      ],
      "name": "IMG_0359"
    },
    {
      "name": ""
    },
    {
      "children": [
        65
      ],
      "matrix": [
        -0.67714427133202948,
        0.54118753408966047,
        -0.49858969980151752,
        0,
        0.61667759860824012,
        0.78703743472208776,
        0.016757557126556022,
        0,
        0.40147773932932967,
        -0.29612181495463652,
        -0.86667611916504472,
        0,
        14.577400207519531,
        -11.815299987792969,
        22.186899185180664,
        1
      ],
      "name": "IMG_0360"
    },
    {
      "name": ""
    },
    {
      "children": [
        67
      ],
      "matrix": [
        -0.35583087489646381,
        0.82899901855655578,
        -0.43144526385473791,
        0,
        0.91773443324360959,
        0.39714613708728919,
        0.0062012769390533962,
        0,
        0.17648767240078803,
        -0.39374556890066881,
        -0.9021178018760303,
        0,
        8.7217197418212891,
        -19.461099624633789,
        20.941999435424805,
        1
      ],
      "name": "IMG_0361"
    },
    {
      "name": ""
    },
    {
      "children": [
        69
      ],
      "matrix": [
        -0.069075468388111627,
        0.8909844854801181,
        -0.44874851119607345,
        0,
        0.99703250255590392,
        0.076979155774011154,
        -0.00063120791523965658,
        0,
        0.03398188508712735,
        -0.44746045211845253,
        -0.89365786253793766,
        0,
        2.7701399326324463,
        -19.987699508666992,
        19.995199203491211,
        1
      ],
      "name": "IMG_0362"
    },
    {
      "name": ""
    },
    {
      "children": [
        71
      ],
      "matrix": [
        0.2428326185584474,
        0.88393198898418568,
        -0.39962051775967289,
        0,
        0.96532909138555922,
        -0.26085980823886867,
        0.009586749726122723,
        0,
        -0.095770896877800438,
        -0.38809328684743061,
        -0.91663053408403283,
        0,
        -4.8756499290466309,
        -20.401800155639648,
        19.247499465942383,
        1
      ],
      "name": "IMG_0363"
    },
    {
      "name": ""
    },
    {
      "children": [
        73
      ],
      "matrix": [
        0.51263472424825496,
        0.77351546754924905,
        -0.37266534713732408,
        0,
        0.83803714459809764,
        -0.54520287080147756,
        0.021155943460280491,
        0,
        -0.18681376761037388,
        -0.32315267464759451,
        -0.92772461706010767,
        0,
        -10.932900428771973,
        -16.704599380493164,
        19.420099258422852,
        1
      ],
      "name": "IMG_0364"
    },
    {
      "name": ""
    },
    {
      "children": [
        75
      ],
      "matrix": [
        0.85059811545822339,
        0.37095111086620025,
        -0.37266354708510319,
        0,
        0.40466848451829063,
        -0.91436400486874869,
        0.013486446457602122,
        0,
        -0.33574732108624328,
        -0.16227673877520388,
        -0.92786852324879332,
        0,
        -21.532899856567383,
        -9.3582000732421875,
        19.761800765991211,
        1
      ],
      "name": "IMG_0365"
    },
    {
      "name": ""
    },
    {
      "children": [
        77
      ],
      "matrix": [
        0.91310680150998724,
        0.17477273570724158,
        -0.3683618599822836,
        0,
        0.19700430554813333,
        -0.98012545933905937,
        0.023310674612624267,
        0,
        -0.35696676684489631,
        -0.09385400795280191,
        -0.92939020468234812,
        0,
        -21.303899765014648,
        -4.7321600914001465,
        18.80780029296875,
        1
      ],
      "name": "IMG_0366"
    },
    {
      "name": ""
    },
    {
      "children": [
        79
      ],
      "matrix": [
        0.92685818149939048,
        -0.034980168014424606,
        -0.37377840926587186,
        0,
        -0.032465566176448094,
        -0.99938800458744437,
        0.013023183158115605,
        0,
        -0.37400521172904216,
        6.4283822084141261e-05,
        -0.92742659950375872,
        0,
        -21.521299362182617,
        1.216670036315918,
        19.04170036315918,
        1
      ],
      "name": "IMG_0367"
    },
    {
      "name": ""
    },
    {
      "children": [
        81
      ],
      "matrix": [
        0.86378808900105097,
        -0.34449424069623896,
        -0.36768717060435252,
        0,
        -0.35752174722107671,
        -0.9332676440863692,
        0.034492097145096295,
        0,
        -0.35503286828672787,
        0.10166229698664089,
        -0.92930965765319518,
        0,
        -20.378599166870117,
        9.9133901596069336,
        18.855899810791016,
        1
      ],
      "name": "IMG_0368"
    },
    {
      "name": ""
    },
    {
      "children": [
        83
      ],
      "matrix": [
        0.65301048841964837,
        -0.64173234056450112,
        -0.40219013549257943,
        0,
        -0.69721022466491067,
        -0.71677187049378444,
        0.011661401783068515,
        0,
        -0.29576207437167645,
        0.27279605705077281,
        -0.91548189857632578,
        0,
        -14.187100410461426,
        14.284700393676758,
        18.546600341796875,
        1
      ],
      "name": "IMG_0369"
    },
    {
      "name": ""
    },
    {
      "children": [
        85
      ],
      "matrix": [
        0.2721270153527594,
        -0.87515636789388918,
        -0.40006026952194929,
        0,
        -0.95129747996985037,
        -0.30725479608907813,
        0.025051843909604771,
        0,
        -0.1448447172602825,
        0.37375904272008553,
        -0.91614637796956577,
        0,
        -6.5618500709533691,
        21.362600326538086,
        18.527099609375,
        1
      ],
      "name": "IMG_0370"
    },
    {
      "name": ""
    },
    {
      "children": [
        87
      ],
      "matrix": [
        -0.07294577371921962,
        -0.89430181044323054,
        -0.44147840936388327,
        0,
        -0.99622556364140524,
        0.086218887067343708,
        -0.010046385431234095,
        0,
        0.047048277799178251,
        0.43907923584568281,
        -0.89721562860067383,
        0,
        1.2375500202178955,
        19.468299865722656,
        18.229700088500977,
        1
      ],
      "name": "IMG_0371"
    },
    {
      "name": ""
    },
    {
      "children": [
        89
      ],
      "matrix": [
        -0.44030822715669959,
        -0.79086491537974268,
        -0.42504276340095087,
        0,
        -0.87406552296980866,
        0.48580563121069353,
        0.0015330490842106193,
        0,
        0.20527573323127918,
        0.37219023940099771,
        -0.90517197208099009,
        0,
        9.7066802978515625,
        18.146600723266602,
        18.766399383544922,
        1
      ],
      "name": "IMG_0372"
    },
    {
      "name": ""
    },
    {
      "children": [
        91
      ],
      "matrix": [
        -0.67265880729472438,
        -0.60145573254352247,
        -0.43102335291649063,
        0,
        -0.66799491085401896,
        0.74415468203355817,
        0.0040753258354535304,
        0,
        0.31829691805289295,
        0.29066271002326505,
        -0.90233156930252711,
        0,
        14.045700073242188,
        12.544099807739258,
        18.511499404907227,
        1
      ],
      "name": "IMG_0373"
    },
    {
      "name": ""
    },
    {
      "children": [
        93
      ],
      "matrix": [
        -0.85209623262322198,
        -0.24347569264062627,
        -0.46330508031153655,
        0,
        -0.27784018489817736,
        0.96060744930127617,
        0.0061773782985033165,
        0,
        0.4435502699864568,
        0.13398848995366533,
        -0.88617732004090355,
        0,
        21.490200042724609,
        5.3167099952697754,
        20.257200241088867,
        1
      ],
      "name": "IMG_0374"
    },
    {
      "name": ""
    },
    {
      "children": [
        95
      ],
      "matrix": [
        -0.88242784375784611,
        0.091491515183796362,
        -0.46146549514590074,
        0,
        0.10812217096669985,
        0.99409065080711023,
        -0.0096630286837883009,
        0,
        0.4578544492590696,
        -0.058421576727003412,
        -0.88710553073825715,
        0,
        20.066099166870117,
        -2.6857700347900391,
        19.37660026550293,
        1
      ],
      "name": "IMG_0375"
    },
    {
      "name": ""
    },
    {
      "children": [
        97
      ],
      "matrix": [
        -0.77354172085766848,
        0.49146398431855481,
        -0.40012042963374006,
        0,
        0.53226143722427621,
        0.84651171082696153,
        0.010755736923085443,
        0,
        0.34399268674857797,
        -0.20464866369107348,
        -0.91639945215662011,
        0,
        18.641000747680664,
        -10.894100189208984,
        19.186199188232422,
        1
      ],
      "name": "IMG_0376"
    },
    {
      "name": ""
    },
    {
      "children": [
        99
      ],
      "matrix": [
        -0.58644219483086291,
        0.72066737025028516,
        -0.36976221221008926,
        0,
        0.77712761804806163,
        0.62931455959289528,
        -0.0059875162919557634,
        0,
        0.22838173611063256,
        -0.2908637594148486,
        -0.92910712841424004,
        0,
        13.50469970703125,
        -15.808899879455566,
        18.401800155639648,
        1
      ],
      "name": "IMG_0377"
    },
    {
      "name": ""
    },
    {
      "children": [
        101
      ],
      "matrix": [
        -0.36732721111473787,
        0.92985230025305377,
        -0.021104968343353781,
        0,
        0.92986448695453505,
        0.36764451183779523,
        0.013767672872669645,
        0,
        0.020561028073727863,
        -0.014567519680926592,
        -0.99968246533331673,
        0,
        7.7519798278808594,
        -20.421300888061523,
        8.1323795318603516,
        1
      ],
      "name": "IMG_0378"
    },
    {
      "name": ""
    },
    {
      "children": [
        103
      ],
      "matrix": [
        0.040853357556710601,
        0.99905526591564697,
        -0.014818192283799688,
        0,
        0.99916493799810124,
        -0.04083912424761027,
        0.0012619849201950858,
        0,
        0.00065563068422396127,
        -0.014857374495662564,
        -0.99988940817047456,
        0,
        0.20278699696063995,
        -21.263500213623047,
        8.6627197265625,
        1
      ],
      "name": "IMG_0379"
    },
    {
      "name": ""
    },
    {
      "children": [
        105
      ],
      "matrix": [
        0.39800981044390504,
        0.91736893446624412,
        -0.0047359124437246318,
        0,
        0.9173112576146869,
        -0.39803790792809246,
        -0.010289825342963022,
        0,
        -0.011324638791948515,
        -0.00024885436545248486,
        -0.9999358432558243,
        0,
        -7.5652098655700684,
        -19.672500610351562,
        8.0916204452514648,
        1
      ],
      "name": "IMG_0380"
    },
    {
      "name": ""
    },
    {
      "children": [
        107
      ],
      "matrix": [
        0.66162383846195327,
        0.74979246510723607,
        -0.0080719048114685863,
        0,
        0.74980722700985414,
        -0.66146603081248889,
        0.015868598078117139,
        0,
        0.00655886443404904,
        -0.016551415334828599,
        -0.99984150341329103,
        0,
        -13.650899887084961,
        -14.562800407409668,
        7.5117402076721191,
        1
      ],
      "name": "IMG_0381"
    },
    {
      "name": ""
    },
    {
      "children": [
        109
      ],
      "matrix": [
        0.91983607964172109,
        0.38777526924360944,
        0.059430018949984155,
        0,
        0.38453900471440211,
        -0.92121553527924993,
        0.059090535734768995,
        0,
        0.077661705122964789,
        -0.031500446397013979,
        -0.99648200256411168,
        0,
        -20.137899398803711,
        -7.8044700622558594,
        8.2349700927734375,
        1
      ],
      "name": "IMG_0382"
    },
    {
      "name": ""
    },
    {
      "children": [
        111
      ],
      "matrix": [
        0.99687100267608442,
        0.076308121518579158,
        0.020622187417534868,
        0,
        0.075999784272428261,
        -0.99698976064313971,
        0.015344378882188179,
        0,
        0.02173101042571518,
        -0.013729084566770432,
        -0.99966958312376231,
        0,
        -23.760099411010742,
        -1.4129199981689453,
        8.7377901077270508,
        1
      ],
      "name": "IMG_0383"
    },
    {
      "name": ""
    },
    {
      "children": [
        113
      ],
      "matrix": [
        0.96557773146927417,
        -0.25997014918611894,
        -0.0086698340697663363,
        0,
        -0.25979052722091733,
        -0.96550209161218037,
        0.017736771374270297,
        0,
        -0.012981774028539072,
        -0.014873890703254606,
        -0.99980510146649082,
        0,
        -22.504899978637695,
        6.3125100135803223,
        7.9886298179626465,
        1
      ],
      "name": "IMG_0384"
    },
    {
      "name": ""
    },
    {
      "children": [
        115
      ],
      "matrix": [
        0.85899199804926785,
        -0.5113091262555125,
        -0.02637659369879012,
        0,
        -0.5102604371664734,
        -0.8591848466432237,
        0.03789044155641523,
        0,
        -0.042036098177711832,
        -0.019088653867807035,
        -0.99893372640206168,
        0,
        -18.636499404907227,
        12.082900047302246,
        7.6641402244567871,
        1
      ],
      "name": "IMG_0385"
    },
    {
      "name": ""
    },
    {
      "children": [
        117
      ],
      "matrix": [
        0.58034070797455906,
        -0.81380651428378326,
        -0.030391116742660353,
        0,
        -0.81246190944815944,
        -0.58113060857694099,
        0.046827998791805769,
        0,
        -0.055770138635639739,
        -0.002484569232864612,
        -0.99844054332358168,
        0,
        -13.472000122070312,
        17.713800430297852,
        8.6722698211669922,
        1
      ],
      "name": "IMG_0386"
    },
    {
      "name": ""
    },
    {
      "children": [
        119
      ],
      "matrix": [
        0.28957667121466901,
        -0.95638661162737826,
        -0.038340586695219905,
        0,
        -0.95699024224777429,
        -0.29003730098805769,
        0.0069311094428715862,
        0,
        -0.017749020558266698,
        0.034684479749088976,
        -0.99924069129202153,
        0,
        -7.2730398178100586,
        21.461799621582031,
        8.4615497589111328,
        1
      ],
      "name": "IMG_0387"
    },
    {
      "name": ""
    },
    {
      "children": [
        121
      ],
      "matrix": [
        0.041092627563757089,
        -0.99775324742933502,
        -0.052913639112449944,
        0,
        -0.99912449798851399,
        -0.040617584699152109,
        -0.010022441439451413,
        0,
        0.0078506992749926841,
        0.053279161568322894,
        -0.99854879573482558,
        0,
        -1.2244000434875488,
        22.906099319458008,
        8.271209716796875,
        1
      ],
      "name": "IMG_0388"
    },
    {
      "name": ""
    },
    {
      "children": [
        123
      ],
      "matrix": [
        -0.45555081176306134,
        -0.88864356987261961,
        -0.052783175596609944,
        0,
        -0.89004330882826155,
        0.45581092120416145,
        0.0077014622672364162,
        0,
        0.017215292970375547,
        0.050487719646072002,
        -0.99857629846340945,
        0,
        10.378499984741211,
        20.229700088500977,
        8.7138900756835938,
        1
      ],
      "name": "IMG_0389"
    },
    {
      "name": ""
    },
    {
      "children": [
        125
      ],
      "matrix": [
        -0.7813918755328646,
        -0.62213172378877257,
        -0.048773508248264541,
        0,
        -0.62325529062629592,
        0.78194115666946518,
        0.010994098996760153,
        0,
        0.031298235694116869,
        0.038989046693008546,
        -0.99874935528410069,
        0,
        16.114299774169922,
        14.125300407409668,
        9.5074501037597656,
        1
      ],
      "name": "IMG_0390"
    },
    {
      "name": ""
    },
    {
      "children": [
        127
      ],
      "matrix": [
        -0.97898042922628292,
        -0.19074855025104143,
        -0.072196327947126146,
        0,
        -0.19228709208224148,
        0.9812251069582193,
        0.014931968838258383,
        0,
        0.067992598203618013,
        0.028500527222440418,
        -0.99727866042423896,
        0,
        21.606800079345703,
        6.1206498146057129,
        10.836000442504883,
        1
      ],
      "name": "IMG_0391"
    },
    {
      "name": ""
    },
    {
      "children": [
        129
      ],
      "matrix": [
        -0.97459953906166708,
        0.20868326116874292,
        -0.081283669754538282,
        0,
        0.20862298887670605,
        0.97795164709151072,
        0.0093286903234670975,
        0,
        0.081438240237227524,
        -0.0078659048417588223,
        -0.99664735015354577,
        0,
        20.897899627685547,
        -5.114840030670166,
        10.908300399780273,
        1
      ],
      "name": "IMG_0392"
    },
    {
      "name": ""
    },
    {
      "children": [
        131
      ],
      "matrix": [
        -0.80979055610509154,
        0.58246676929501562,
        -0.070510409940902102,
        0,
        0.58217648703314007,
        0.81262290666708281,
        0.026731058821039419,
        0,
        0.072868327747789285,
        -0.01940294377069355,
        -0.9971528130553875,
        0,
        18.309499740600586,
        -12.53849983215332,
        10.639300346374512,
        1
      ],
      "name": "IMG_0393"
    },
    {
      "name": ""
    },
    {
      "children": [
        133
      ],
      "matrix": [
        -0.60320126426082044,
        0.7965472021515515,
        -0.040752785655506017,
        0,
        0.79735661855479656,
        0.60347118323162663,
        -0.0067047636708086073,
        0,
        0.019252471036443113,
        -0.036538825289764459,
